0 5.47216e-035
0.01 -0.0110264
0.02 -0.021751
0.03 -0.0321611
0.04 -0.0423242
0.05 -0.0522466
0.06 -0.0620695
0.07 -0.0718619
0.08 -0.0816236
0.09 -0.0914214
0.1 -0.101252
0.11 -0.111227
0.12 -0.121347
0.13 -0.131619
0.14 -0.142049
0.15 -0.152661
0.16 -0.163372
0.17 -0.174179
0.18 -0.185084
0.19 -0.196123
0.2 -0.207199
0.21 -0.218091
0.22 -0.228809
0.23 -0.239353
0.24 -0.249813
0.25 -0.26006
0.26 -0.269524
0.27 -0.278206
0.28 -0.286099
0.29 -0.293194
0.3 -0.299457
0.31 -0.304595
0.32 -0.308601
0.33 -0.311419
0.34 -0.313013
0.35 -0.313356
0.36 -0.312292
0.37 -0.309796
0.38 -0.305983
0.39 -0.30101
0.4 -0.294558
0.41 -0.286899
0.42 -0.278174
0.43 -0.268383
0.44 -0.257527
0.45 -0.245603
0.46 -0.23308
0.47 -0.219977
0.48 -0.206293
0.49 -0.192029
0.5 -0.177184
0.51 -0.162203
0.52 -0.147105
0.53 -0.131889
0.54 -0.116555
0.55 -0.101105
0.56 -0.0854986
0.57 -0.0698147
0.58 -0.054343
0.59 -0.0390835
0.6 -0.0240363
0.61 -0.00916831
0.62 0.00560336
0.63 0.020244
0.64 0.0348783
0.65 0.0493072
0.66 0.0635056
0.67 0.0774399
0.68 0.0911178
0.69 0.104605
0.7 0.117839
0.71 0.130793
0.72 0.143466
0.73 0.155856
0.74 0.167899
0.75 0.179598
0.76 0.190935
0.77 0.201854
0.78 0.212039
0.79 0.221831
0.8 0.231357
0.81 0.240617
0.82 0.249611
0.83 0.258339
0.84 0.266462
0.85 0.27516
0.86 0.285032
0.87 0.296822
0.88 0.31059
0.89 0.326545
0.9 0.347984
0.91 0.375641
0.92 0.410399
0.93 0.453914
0.94 0.506984
0.95 0.569607
0.96 0.642558
0.97 0.726789
0.98 0.815231
0.99 0.906379
1 1
