0 -8.79425e-034
0.01 0.0314075
0.02 0.0600393
0.03 0.0858691
0.04 0.108825
0.05 0.128994
0.06 0.146614
0.07 0.1625
0.08 0.176716
0.09 0.189209
0.1 0.199947
0.11 0.209156
0.12 0.217529
0.13 0.225052
0.14 0.231734
0.15 0.237637
0.16 0.242813
0.17 0.247608
0.18 0.251963
0.19 0.255877
0.2 0.259379
0.21 0.262365
0.22 0.264898
0.23 0.266964
0.24 0.268463
0.25 0.269391
0.26 0.269749
0.27 0.269585
0.28 0.268875
0.29 0.267599
0.3 0.265731
0.31 0.263104
0.32 0.259692
0.33 0.255539
0.34 0.250704
0.35 0.24513
0.36 0.238733
0.37 0.231552
0.38 0.223831
0.39 0.215428
0.4 0.206342
0.41 0.196573
0.42 0.186172
0.43 0.175134
0.44 0.163612
0.45 0.151578
0.46 0.139033
0.47 0.125976
0.48 0.112528
0.49 0.0988678
0.5 0.0849302
0.51 0.0707269
0.52 0.0562485
0.53 0.0415412
0.54 0.0267737
0.55 0.0118993
0.56 -0.00308201
0.57 -0.0181702
0.58 -0.0333751
0.59 -0.0487288
0.6 -0.0641118
0.61 -0.0796079
0.62 -0.0953235
0.63 -0.1112
0.64 -0.127118
0.65 -0.143151
0.66 -0.159358
0.67 -0.176012
0.68 -0.193073
0.69 -0.21037
0.7 -0.227939
0.71 -0.245901
0.72 -0.264254
0.73 -0.282337
0.74 -0.300606
0.75 -0.318684
0.76 -0.335583
0.77 -0.351796
0.78 -0.367546
0.79 -0.382833
0.8 -0.396308
0.81 -0.406671
0.82 -0.413742
0.83 -0.418007
0.84 -0.419465
0.85 -0.415613
0.86 -0.40772
0.87 -0.396071
0.88 -0.379585
0.89 -0.358173
0.9 -0.331467
0.91 -0.302128
0.92 -0.271435
0.93 -0.238783
0.94 -0.202997
0.95 -0.16462
0.96 -0.12781
0.97 -0.0929006
0.98 -0.0601994
0.99 -0.0292709
1 1.06346e-033
