nu	tf	n	h	dt	u_error_2	u_rate_2	u_error_1	u_rate_1	u_error_0	u_rate_0
1	0.003125	2	0.353553	0.0003125	0.0350745	-inf	1.12048	-inf	0.0289507	-inf
1	0.003125	3	0.176777	0.0003125	0.0134118	1.38692	0.6344	0.820655	0.00735691	1.97643
1	0.003125	4	0.0883883	0.0003125	0.00608313	1.14062	0.325971	0.960651	0.00194947	1.91602
1	0.003125	5	0.0441942	0.0003125	0.00303652	1.0024	0.164593	0.98584	0.000868787	1.16601
1	0.003125	6	0.0220971	0.0003125	0.00164335	0.885781	0.0829511	0.988569	0.000741945	0.227689
1	0.003125	7	0.0110485	0.0003125	0.00104476	0.653472	0.0422913	0.971899	0.000729901	0.0236114

1	0.003125	2	0.353553	0.00015625	0.0321552	-inf	1.12227	-inf	0.028936	-inf
1	0.003125	3	0.176777	0.00015625	0.0107874	1.57571	0.63438	0.823007	0.00731402	1.98413
1	0.003125	4	0.0883883	0.00015625	0.00446685	1.27201	0.325882	0.960996	0.00183293	1.99651
1	0.003125	5	0.0441942	0.00015625	0.00213818	1.06288	0.164404	0.987101	0.000590426	1.63433
1	0.003125	6	0.0220971	0.00015625	0.00110427	0.953289	0.0825722	0.993521	0.000392552	0.588874
1	0.003125	7	0.0110485	0.00015625	0.000639297	0.788535	0.0415422	0.991081	0.000372926	0.0739943

1	0.003125	2	0.353553	6.25e-005	0.0302616	-inf	1.1234	-inf	0.0289299	-inf
1	0.003125	3	0.176777	6.25e-005	0.00885106	1.77357	0.634376	0.824459	0.00729332	1.98791
1	0.003125	4	0.0883883	6.25e-005	0.00313684	1.49654	0.325857	0.9611	0.00178985	2.02674
1	0.003125	5	0.0441942	6.25e-005	0.00138236	1.18218	0.164349	0.987474	0.000471991	1.92301
1	0.003125	6	0.0220971	6.25e-005	0.000679342	1.02493	0.082461	0.994981	0.000191102	1.30442
1	0.003125	7	0.0110485	6.25e-005	0.000361127	0.911632	0.0413205	0.996853	0.000153956	0.311821

1	0.003125	2	0.353553	3.125e-005	0.0296021	-inf	1.12378	-inf	0.0289283	-inf
1	0.003125	3	0.176777	3.125e-005	0.00810429	1.86894	0.634377	0.824944	0.00728732	1.98902
1	0.003125	4	0.0883883	3.125e-005	0.00254732	1.66971	0.325854	0.961116	0.00178067	2.03297
1	0.003125	5	0.0441942	3.125e-005	0.00102261	1.31672	0.164341	0.98753	0.000449162	1.98711
1	0.003125	6	0.0220971	3.125e-005	0.00048069	1.08908	0.0824446	0.995196	0.000136579	1.7175
1	0.003125	7	0.0110485	3.125e-005	0.000244836	0.973293	0.041288	0.997704	8.16883e-005	0.741531

1	0.003125	2	0.353553	1.5625e-005	0.0292665	-inf	1.12397	-inf	0.0289276	-inf
1	0.003125	3	0.176777	1.5625e-005	0.00770397	1.92558	0.634377	0.825186	0.0072845	1.98954
1	0.003125	4	0.0883883	1.5625e-005	0.0021948	1.81151	0.325853	0.961121	0.00177712	2.03529
1	0.003125	5	0.0441942	1.5625e-005	0.000785663	1.48211	0.164339	0.987545	0.000441904	2.00773
1	0.003125	6	0.0220971	1.5625e-005	0.000346468	1.18119	0.0824405	0.995251	0.000117669	1.909
1	0.003125	7	0.0110485	1.5625e-005	0.000170083	1.02648	0.0412797	0.997919	4.79897e-005	1.29394

1	0.003125	2	0.353553	6.25e-006	0.0290632	-inf	1.12408	-inf	0.0289271	-inf
1	0.003125	3	0.176777	6.25e-006	0.00745353	1.9632	0.634378	0.825332	0.00728287	1.98984
1	0.003125	4	0.0883883	6.25e-006	0.0019533	1.93201	0.325853	0.961122	0.00177532	2.03643
1	0.003125	5	0.0441942	6.25e-006	0.000601252	1.69987	0.164339	0.987549	0.000438987	2.01583
1	0.003125	6	0.0220971	6.25e-006	0.00023404	1.36121	0.0824393	0.995267	0.000110897	1.98495
1	0.003125	7	0.0110485	6.25e-006	0.000108042	1.11517	0.0412774	0.997979	3.20014e-005	1.79302

1	0.003125	2	0.353553	3.125e-006	0.0289951	-inf	1.12412	-inf	0.028927	-inf
1	0.003125	3	0.176777	3.125e-006	0.00736817	1.97643	0.634378	0.82538	0.00728234	1.98994
1	0.003125	4	0.0883883	3.125e-006	0.00186592	1.98142	0.325853	0.961123	0.00177478	2.03676
1	0.003125	5	0.0441942	3.125e-006	0.000525804	1.82729	0.164338	0.98755	0.000438262	2.01777
1	0.003125	6	0.0220971	3.125e-006	0.000182331	1.52797	0.0824391	0.995269	0.000109574	1.99989
1	0.003125	7	0.0110485	3.125e-006	7.84053e-005	1.21754	0.0412771	0.997988	2.86886e-005	1.93336

1	0.003125	2	0.353553	1.5625e-006	0.028961	-inf	1.12414	-inf	0.0289269	-inf
1	0.003125	3	0.176777	1.5625e-006	0.00732511	1.98319	0.634378	0.825404	0.00728207	1.98999
1	0.003125	4	0.0883883	1.5625e-006	0.00182066	2.00839	0.325853	0.961123	0.00177452	2.03692
1	0.003125	5	0.0441942	1.5625e-006	0.00048373	1.91219	0.164338	0.98755	0.000437946	2.0186
1	0.003125	6	0.0220971	1.5625e-006	0.000150073	1.68854	0.082439	0.99527	0.0001091	2.0051
1	0.003125	7	0.0110485	1.5625e-006	5.8541e-005	1.35814	0.041277	0.99799	2.76564e-005	1.97996

1	0.003125	2	0.353553	6.25e-007	0.0289405	-inf	1.12415	-inf	0.0289269	-inf
1	0.003125	3	0.176777	6.25e-007	0.00729916	1.98729	0.634378	0.825418	0.00728191	1.99002
1	0.003125	4	0.0883883	6.25e-007	0.00179297	2.02538	0.325853	0.961123	0.00177437	2.03701
1	0.003125	5	0.0441942	6.25e-007	0.000456643	1.97321	0.164338	0.987551	0.000437771	2.01905
1	0.003125	6	0.0220971	6.25e-007	0.000126892	1.84746	0.082439	0.99527	0.000108876	2.00748
1	0.003125	7	0.0110485	6.25e-007	4.25256e-005	1.5772	0.041277	0.997991	2.72682e-005	1.9974

