0 -1.59288e-034
0.01 -0.00724692
0.02 -0.0142163
0.03 -0.0209065
0.04 -0.0273448
0.05 -0.0335318
0.06 -0.0395259
0.07 -0.0453556
0.08 -0.051021
0.09 -0.0565643
0.1 -0.0619696
0.11 -0.0672965
0.12 -0.0725463
0.13 -0.0777239
0.14 -0.0828474
0.15 -0.0879091
0.16 -0.092949
0.17 -0.0979673
0.18 -0.102964
0.19 -0.107939
0.2 -0.112916
0.21 -0.117863
0.22 -0.1228
0.23 -0.127728
0.24 -0.132654
0.25 -0.137588
0.26 -0.142487
0.27 -0.147351
0.28 -0.152176
0.29 -0.156916
0.3 -0.161618
0.31 -0.166235
0.32 -0.170725
0.33 -0.175093
0.34 -0.179342
0.35 -0.183458
0.36 -0.187358
0.37 -0.191032
0.38 -0.194497
0.39 -0.197724
0.4 -0.200693
0.41 -0.203293
0.42 -0.205509
0.43 -0.207342
0.44 -0.208792
0.45 -0.209809
0.46 -0.210336
0.47 -0.210368
0.48 -0.209907
0.49 -0.208953
0.5 -0.207505
0.51 -0.205424
0.52 -0.202721
0.53 -0.199398
0.54 -0.195454
0.55 -0.190889
0.56 -0.185693
0.57 -0.179845
0.58 -0.1734
0.59 -0.166358
0.6 -0.15872
0.61 -0.150479
0.62 -0.141666
0.63 -0.132316
0.64 -0.122394
0.65 -0.111896
0.66 -0.10086
0.67 -0.0893706
0.68 -0.0774258
0.69 -0.064983
0.7 -0.0520295
0.71 -0.0386039
0.72 -0.0247063
0.73 -0.0103438
0.74 0.00456612
0.75 0.020135
0.76 0.0363826
0.77 0.053294
0.78 0.0708929
0.79 0.0893253
0.8 0.109083
0.81 0.130166
0.82 0.152573
0.83 0.176306
0.84 0.201779
0.85 0.229516
0.86 0.259567
0.87 0.292461
0.88 0.328217
0.89 0.366903
0.9 0.409099
0.91 0.454716
0.92 0.504174
0.93 0.557407
0.94 0.613741
0.95 0.673177
0.96 0.735723
0.97 0.801089
0.98 0.867012
0.99 0.933327
1 1
