0 -1.8355e-035
0.01 0.0177489
0.02 0.034439
0.03 0.0500612
0.04 0.0644926
0.05 0.0777021
0.06 0.0897937
0.07 0.10099
0.08 0.111297
0.09 0.12066
0.1 0.129014
0.11 0.13647
0.12 0.143217
0.13 0.149195
0.14 0.154458
0.15 0.15906
0.16 0.162991
0.17 0.166317
0.18 0.169141
0.19 0.171462
0.2 0.17325
0.21 0.174485
0.22 0.175318
0.23 0.175751
0.24 0.175773
0.25 0.1754
0.26 0.174632
0.27 0.173485
0.28 0.172016
0.29 0.170231
0.3 0.168095
0.31 0.165597
0.32 0.16275
0.33 0.159595
0.34 0.156124
0.35 0.152315
0.36 0.148165
0.37 0.143678
0.38 0.138866
0.39 0.133719
0.4 0.128238
0.41 0.122422
0.42 0.116272
0.43 0.109759
0.44 0.1029
0.45 0.095673
0.46 0.0880765
0.47 0.0801109
0.48 0.0717735
0.49 0.063088
0.5 0.0540465
0.51 0.0446577
0.52 0.0349187
0.53 0.024803
0.54 0.0144432
0.55 0.00379289
0.56 -0.00714787
0.57 -0.0183791
0.58 -0.0298905
0.59 -0.0415846
0.6 -0.0535309
0.61 -0.0656827
0.62 -0.0779062
0.63 -0.0902076
0.64 -0.102707
0.65 -0.115098
0.66 -0.127323
0.67 -0.139379
0.68 -0.15136
0.69 -0.163051
0.7 -0.174202
0.71 -0.184888
0.72 -0.195107
0.73 -0.204638
0.74 -0.213512
0.75 -0.221462
0.76 -0.228409
0.77 -0.234235
0.78 -0.238912
0.79 -0.242421
0.8 -0.244374
0.81 -0.244995
0.82 -0.24421
0.83 -0.241756
0.84 -0.237631
0.85 -0.231593
0.86 -0.224183
0.87 -0.215532
0.88 -0.205217
0.89 -0.193139
0.9 -0.179333
0.91 -0.16454
0.92 -0.148988
0.93 -0.132504
0.94 -0.114791
0.95 -0.0959282
0.96 -0.0768298
0.97 -0.0577298
0.98 -0.0386605
0.99 -0.0194275
1 1.60347e-034
